       1     318     780     448     160    1011     449
       2     317     776     509     186     597     510
       3     129     316      38      10      54      38
       4     166     424     382     139     554     382
       5     244     628      28       1      59      28
       6     441    1128     433     149     530     435
       7     405     999     114      65     181     115
       8     475    1173     423     149     514     424
       9     105     238     286     171     549     287
      10     281     634    1091     408    1243    1093
      11     213     480      55      15      92      55
      12     264     621      70      19     100      70
      13     433    1015      79      17     127      80
      14     266     626    2485    1021    2985    2491
      15     382     898     147      46     254     148
      16       0       0    2615    1236    4063    2621
      17     304     713      63      17     100      63
      18      82     192      39      13      51      39
      19     146     345      31       7      48      31
      20     454    1065      73      20     128      73
      21     547    1178     177      46     268     177
      22     200     489      22       1      44      22
      23     442    1078     265     100     577     266
      24     208     509      25       4      49      25
      25     119     291      58      19      76      58
      26     196     477      41       9      65      41
      27     143     349     168     191     269     169
      28     445    1075     132      38     196     133
      29     142     344      27       6      44      27
      30      92     222      10       3      22      10
      31     184     446      24       3      54      24
      32    1529    3442     517     242     770     518
      33     344     774     124     116     211     124
      34     425    1092      60       7     112      61
      35     205     525      80      23     111      80
      36     235     604      26       1      54      27
      37     428    1096     212      77     358     212
      38    1164    2760     214      42     385     215
      39     149     357      76      25     100      76
      40      91     219      12       1      23      12
      41     415     995      69      15     122      69
      42     121     292      19       3      33      19
      43     222     535      60      16      88      61
      44     718    1737      91      20     179      91
      45     594    1411     167      45     284     168
      46     391     930     379     133     459     380
      47     729    1740    1060     390    1274    1062
      48     494    1127     488     171     596     489
      49     239     544     276     197     558     276
      50     307     785     644     235     868     646
      51     188     481     305     295     455     306
      52     821    1865     713     298     916     715
      53     801    1814     167      45     254     168
      54     432     981     148      49     203     149
      55     163     377     162     138     239     163
      56     359     832     808     372    1027     810
      57     246     569      57      13      93      57
      58     126     304      67      58     125      67
      59     559    1358     758     352    1414     760
      60     324     788     215      86     287     216
      61    1130    2735    1464     619    1869    1467
      62     212     521     162     142     247     163
      63     131     324      62      19     150      62
      64     208     512     637     665     988     638
      65     154     378      21       9      42      21
      66    2372    5540     278      49     573     278
      67    2023    4962    1337     752    2679    1340
      68    2244    5505     302      64     613     303
      69     877    2152     110      32     214     110
      70     687    1710     660     430    1045     662
      71    1052    2620    1027     445    2319    1029
      72     433    1089     286      97     376     287
      73     247     622      22       0      48      22
      74     268     578     213     181     338     214
      75     435     937     327     129     420     328
      76     249     614    1257     475    1422    1260
      77     117     292    5219    2386    8358    5231
      78     662    1634    1218    1114    1769    1221
      79      78     192     276     103     314     276
      80     319     786     590     225     798     592
      81     178     441    1351     580    2608    1355
      82      20      43     100      38     113     100
      83     280     618     206     128     291     206
      84      51     112       9       1      16       9
      85     257     569     939     771    1400     941
      86       0       0    2081     807    2309    2086
      87     250     553    2490    1237    3501    2496
      88     144     319     763     349     894     765
      89      30      65     884     377    1002     886
      90     829    1867     284     120     469     285
      91     772    1829      74       0     162      74
      92     841    1992     255     146     411     256
      93       0       0     119     152     187     119
      94    1268    3050     402     285     782     403
      95    1501    3436    1663     751    3592    1667
      96     987    2444     167      38     285     168
      97     955    2248    1315     807    2855    1318
      98     162     383     168      59     202     169
      99      14      32       1       0       2       1
     100     246     580      47      10      75      47
     101    1801    4238     172      16     367     172
     102    1637    3852     195      46     386     196
     103      11      25     963     366    1612     966
     104      97     230    4556    1780    5240    4567
     105    1226    2924    8108    3148    9160    8127
     106     178     423    1630     745    1891    1634
     107      52     113     187      70     214     187
     108     253     565    1714     720    2401    1718
     109     138     307     105      74     154     105
     110     656    1465    1022     704    2059    1024
     111      35      94     392     294     523     393
     112     269     726     755     484     991     756
     113     145     393    1741    1872    2582    1746
     114      28      76    1405    1201    1907    1409
     115     584    1566     459     199     574     460
     116     664    1880     207      55     272     207
     117     842    2051     692     462     944     694
     118      76     185     688     768    1088     690
     119     350     858     329     308     506     329
     120     290     707     465     482     712     466
     121     645    1666     307     248     462     308
     122     400    1065      72       1     105      72
     123     390    1039     345     317     516     346
     124      85     186    3905    4985    6131    3914
     125     537    1173     732     732    1090     734
     126     635    1307     445     329     627     446
     127      22      47    1291     495    1432    1294
     128     707    1808     633     390     848     634
     129     223     540     229     207     339     230
     130     331     800     284     241     424     285
     131     324     780     169      96     238     169
     132      48     115     478     488     709     479
     133     445    1118     425     324     602     426
     134     314     791    1261    1072    1750    1264
     135     498    1002      84       3     122      84
     136       0       0     335     430     527     336
     137     870    1869     397     317     594     398
     138     419     903     196     177     299     197
     139       2       3      10      12      17      10
     140     929    2075     197      39     295     198
     141     223     498     515     345     689     516
     142     355     920     395     274     540     396
     143     205     532     275     265     409     275
     144      23      53     927    1161    1457     930
     145     998    2245     339     239     518     340
     146      31      69     437     484     691     438
     147     483    1256     379     326     575     380
     148     920    2537     494     223     642     495
     149      90     247     878     659    1159     880
     150      82     207     494     333     643     495
     151       9      24    2442    1127    2826    2448
     152     157     391     657     669     984     659
     153     912    2282     433     304     665     434
     154     123     295     751     901    1180     753
     155     155     370      29       3      42      29
     156     320     764     191     158     288     191
     157      87     206     874     478    1061     876
     158     358     846     311     249     460     311
     159     660    1563    4983    1943    5598    4995
     160      11      27    2616    2573    3901    2622
     161      63     150    2690    1742    3394    2696
     162       5      11    3750    3911    5735    3759
     163     207     494      50       9      69      50
     164     170     404      42      12      59      42
     165      94     223    5311    2037    5892    5324
     166     203     483     734     297     838     736
     167     633    1530     797     898    1235     799
     168    1200    3373    1427    1716    4823    2046
     169    1030    2895    1225    1087    3054    1295
     170      32      89      38      32      89      38
     171      99     278     118      99     279     118
     172     144     406     172     144     406     172
     173    3251    9139    3866    3360    9443    4006
     174     264     743     314     267     750     318
     175     612    1719     727     181     509     216
     176     159     446     189     159     446     189
     177    1416    3981    1684    1435    4033    1710
     178    1410    3963    1677    1498    4209    1785
     179      46     130      55      46     130      55
     180     312     877     371     258     725     308
     181       3       8       3       3       8       3
     182     227     639     270     248     696     295
     183    1511    4248    1797    1302    3660    1553
     184     584    1641     694     652    1832     777
     185       1       4       2       1       4       2
     186     260     730     309     224     629     267
     187     305     857     362     238     668     283
     188      29      80      34      27      77      33
     189     103     290     123     126     354     150
     190      10      28      12      10      28      12
     191     370    1041     440     374    1051     445
     192       6      16       7      31      88      37
     193      29      81      34      29      81      34
     194    1148    3226    1365    1148    3226    1368
     195      53     150      63      89     251     106
     196      87     246     104      74     209      89
     197      40     113      48      77     217      92
     198      11      31      13      21      58      25
     199    1298    3648    1543     820    2305     977